complex
8 8
(-0.0667626,-0.171882) (-0.605773,0.825465) (-1.20352,1.55126) (-0.924523,1.38055) (0.599349,0.601706) (0.956582,0.481103) (-0.593875,-0.856831) (-1.20759,-0.862942) 
(1.17902,0.796445) (-0.972269,-1.009) (-0.091045,0.914298) (1.02655,-0.869089) (-0.974037,1.88775) (0.212544,0.795954) (-0.356884,0.230547) (-0.328873,0.873536) 
(-0.655991,0.727188) (0.578002,1.07595) (-1.0021,1.41128) (0.280999,0.720907) (-1.20942,0.5757) (-1.24925,-2.16966) (0.527356,-0.770784) (0.869712,1.65066) 
(-0.0867496,1.59577) (0.0625029,-1.2907) (0.252841,-0.77992) (-1.82295,-0.130436) (-1.26899,0.323483) (0.89312,-1.34371) (-0.824768,-0.650195) (-0.335772,-0.504744) 
(0.00629639,1.03504) (-0.246743,1.05964) (1.41592,1.34176) (0.491036,0.540821) (-1.80078,-0.462645) (-0.197172,0.0920689) (0.242957,-0.0386608) (0.934566,0.108794) 
(-0.782004,-0.200602) (0.942694,1.02312) (-0.598892,-0.613991) (0.847306,-0.401049) (0.369128,-0.486971) (0.325323,-0.0805148) (-0.344437,0.203785) (1.97372,-0.143378) 
(0.132623,-1.63186) (-0.0275,0.677135) (0.00617278,-1.10574) (-1.26041,-0.167486) (-0.774969,-0.414695) (-1.68745,-1.63116) (2.97994,-0.126807) (0.726214,-1.08378) 
(-0.0900207,-0.645041) (0.152397,0.258704) (0.200289,-0.117475) (-0.370207,-0.687947) (0.255232,-1.03586) (-1.46028,-1.49356) (-0.105809,0.461806) (-2.36516,-0.0149669) 
