complex
16 16
(1.24287,-0.803049) (-0.0900292,-1.10541) (1.23587,0.828667) (2.43127,-0.92439) (-1.46946,-0.981235) (-1.24925,0.883759) (0.351988,0.371435) (-0.268899,0.758211) (-1.74015,-0.557033) (0.383953,-0.267209) (-1.058,-2.21091) (1.42013,-2.3389) (-0.00628999,0.492116) (-0.703666,-0.0412477) (-0.575432,0.170764) (-0.771418,0.725728) 
(1.94974,-1.09071) (2.04017,-2.03678) (-0.275784,-0.651015) (0.766749,-0.645952) (0.444658,0.498119) (0.673701,0.657993) (-0.821499,-0.278804) (-0.420613,-0.945223) (-0.469021,-1.7981) (-1.34234,0.0256578) (1.52198,0.39529) (-0.377081,2.44878) (0.225112,-0.631826) (0.810862,1.14115) (2.53377,-0.0519673) (-1.50366,-0.248187) 
(0.588262,0.213571) (0.551968,-0.27421) (1.88525,1.36054) (-0.0579043,0.51045) (0.643066,0.720331) (-0.511668,1.06304) (0.0600458,-1.60184) (1.26814,-0.413129) (0.205632,-1.59355) (0.59951,0.0564668) (-0.957288,0.561877) (1.26487,0.0530444) (-1.4311,-0.712039) (-1.07875,0.155712) (-1.70657,0.458528) (-0.846059,-0.509776) 
(0.610519,0.760374) (1.42577,-0.918653) (1.78927,1.49604) (-0.119857,-0.996305) (-0.946675,2.74984) (0.0511476,2.0354) (0.180664,-0.7389) (-0.860748,-1.90123) (1.03979,0.959991) (0.366162,0.562653) (0.909315,-0.58697) (1.03093,1.37518) (-0.752178,0.170899) (1.58419,-0.113318) (0.118121,0.409307) (-0.540367,0.85741) 
(0.0375937,-2.27783) (1.1213,-0.0842619) (-0.829199,0.192646) (0.0146546,-0.940224) (-0.260764,-0.200985) (0.0436846,0.240202) (0.439731,-1.46931) (0.091834,0.714431) (-1.53017,0.730381) (-1.10817,1.01216) (1.13667,-0.00572822) (-0.410325,-0.132724) (1.1024,0.687576) (-0.98831,-0.119471) (-0.239993,-0.500529) (-0.354961,-0.222602) 
(0.177474,0.773617) (-0.695705,-1.01113) (-0.499648,1.30141) (0.125924,1.12651) (0.48289,0.888948) (0.824549,-2.1178) (0.185267,-0.396802) (-0.064741,-1.61527) (-0.32846,1.69829) (-0.0209203,-0.0112427) (0.975148,-0.427513) (-0.399926,-0.781186) (0.645099,0.84038) (-0.198183,1.54906) (1.26425,-0.750382) (-2.63815,-1.88528) 
(-0.0681632,-1.64429) (-0.0840695,0.237947) (0.940982,-0.236588) (1.07147,-1.27585) (2.00781,0.489871) (0.94772,-0.106391) (0.340269,0.0238397) (1.17117,-0.060763) (-0.147975,1.11569) (0.955904,0.904727) (-1.64562,1.2645) (0.716348,1.52292) (-1.62678,0.425964) (0.187526,0.647195) (-0.265176,-0.156672) (-0.269738,0.991146) 
(1.33962,-1.18918) (-0.0595789,-0.209097) (-1.50749,0.774333) (-0.429616,-0.295176) (0.0730435,1.56414) (2.30561,0.262793) (1.42124,0.0242049) (0.276834,0.666148) (-0.261836,0.395446) (1.35394,1.33561) (-2.18596,0.256354) (-0.0269156,1.52991) (0.0175384,-0.737926) (0.830435,-2.37259) (-0.821379,-1.22895) (-0.781492,-1.47712) 
(1.25985,1.0734) (0.181151,1.98156) (-1.24098,-0.208006) (-0.377073,-1.87494) (-1.86473,2.06543) (-0.86712,-0.885158) (-0.094273,-0.166638) (2.09588,0.0160647) (0.544755,0.62742) (1.31812,1.40614) (-1.00473,-0.760317) (-0.510997,0.45862) (-0.704741,-0.672943) (0.825056,-1.84046) (-0.607434,-0.491182) (-1.52054,1.36484) 
(0.355315,0.704983) (-0.425596,-1.15133) (-0.299558,1.06377) (-1.04207,0.130686) (-0.584656,-0.560787) (0.182207,-0.0219144) (0.454522,1.46268) (0.359199,-1.43222) (0.0739289,-1.07829) (-0.101686,-0.0719711) (2.87261,-0.631996) (-0.899676,-1.071) (2.38284,-1.52369) (-1.37639,-1.14448) (-0.115069,-0.801117) (0.324696,1.21264) 
(-0.120241,-0.728249) (-1.32559,0.246063) (-0.0232837,0.950255) (0.738388,-0.0139072) (1.70752,0.310379) (0.130531,-0.341871) (-2.38952,-0.657694) (-0.255001,1.4976) (0.275141,-2.01935) (-1.0968,-0.362058) (-0.774913,-0.122439) (-0.297038,0.388459) (0.0119478,-0.193556) (-0.00573748,0.827623) (1.64934,0.687103) (-0.358188,-1.40382) 
(0.736869,0.486249) (0.838709,-0.0864175) (-1.19922,1.06303) (0.919608,-0.326422) (0.609985,0.364818) (0.0100828,1.84834) (-0.948816,-0.276357) (0.208476,-0.727498) (0.609867,-0.153434) (-0.230468,0.53519) (1.54866,0.00236958) (-1.28257,-0.117854) (0.214828,-0.137452) (0.062963,-1.51907) (0.63377,-0.59489) (-1.80247,0.094622) 
(1.61571,-0.325674) (0.105048,-0.680275) (0.278297,-0.604007) (-1.59629,0.268927) (0.200499,1.98568) (-0.705699,2.20319) (0.407934,-0.768819) (-0.751582,-2.46369) (-1.21941,-0.130917) (-0.664738,-0.950288) (1.16294,0.990225) (0.249339,-0.789455) (0.583035,0.315978) (0.165823,0.197973) (1.01292,-1.16027) (0.379216,-1.16789) 
(-1.20988,-0.273918) (-1.80733,0.286326) (0.488743,0.950535) (-0.602557,1.20915) (-1.20787,-0.0114126) (-1.19953,1.71741) (-1.67229,-1.95582) (1.58705,0.260661) (-2.57222,-0.401838) (-0.773467,0.790875) (-1.15862,-0.266417) (-0.432887,-0.108599) (0.0287443,-1.79419) (1.94325,-0.28501) (-0.427047,-1.33704) (0.186083,-0.480862) 
(0.60572,-0.454767) (-1.66514,0.559814) (1.36329,0.373269) (0.346463,-1.05983) (-0.114887,1.42039) (0.782987,-0.0779305) (1.17299,1.69698) (0.768477,1.84536) (-0.943162,-0.891282) (1.61766,2.18647) (-2.11433,0.386516) (-0.761653,0.338535) (-1.05377,-0.142602) (0.345231,-0.63708) (-1.0401,-0.700159) (0.219076,0.0331951) 
(-1.55529,-0.3994) (0.408291,-0.959402) (0.424016,-1.92547) (1.8686,0.0861042) (-0.771921,-1.35905) (1.56843,-0.237274) (1.01308,-0.505021) (1.66206,-0.309619) (-2.05713,-1.11305) (0.896429,0.0205643) (-0.620695,-1.21412) (0.475663,-0.612101) (2.02594,0.562167) (0.166973,0.374628) (0.489422,1.89207) (-0.990142,0.523191) 
