float
8 8
-0.667074 -0.0193275 1.77074 0.242217 -0.307348 -0.262058 1.16175 2.73553 
-1.15698 0.391659 -0.0825824 -1.82021 -0.31312 0.401238 -0.0280012 1.31662 
1.00928 0.587459 1.61808 0.179017 -0.702048 -0.185951 0.445208 2.16948 
0.528249 0.525812 0.767267 0.110067 0.467606 0.900353 1.31071 0.564294 
-0.422858 -0.589629 -1.23611 -0.0979818 0.864205 1.48645 0.369006 -2.22439 
0.455086 1.41482 -1.82842 1.27986 -1.4485 1.87394 -0.169087 -0.696368 
-0.151399 -1.28365 -1.1195 -1.50351 -0.0978685 -0.522075 1.07165 0.780108 
0.66192 -1.1571 0.459253 -0.0127719 -0.184226 -0.0767799 0.388303 1.34945 
