float
16 16
-0.0766996 0.462944 -0.23916 -1.04237 -1.08175 -0.834586 -1.40017 0.937305 -1.16578 0.55658 1.53061 0.373648 0.386857 1.67934 -0.328537 -1.05297 
-0.97158 0.0923114 0.49479 1.60297 0.205532 0.513151 1.9675 -0.850844 1.43805 -1.06679 1.09198 -2.02995 0.421275 -1.28073 0.119871 -2.27482 
-0.776432 -1.10588 0.549148 0.442232 1.15842 0.604446 0.221673 -0.961814 1.43667 -0.524485 -1.22191 -0.344522 0.45416 -1.4089 -0.485636 1.41222 
-0.83875 -0.68831 -0.784901 -0.824392 -0.582911 0.643472 -0.399433 2.45308 0.238531 -0.0926913 -0.758825 0.69631 -0.316812 -0.88468 -1.61816 -0.690094 
-0.578735 -0.561588 -1.72518 0.819127 -0.517994 -0.207482 0.829673 -1.32528 -0.71592 -0.36735 0.326691 1.20371 -0.173909 0.698143 1.54299 1.3236 
0.033319 -1.33927 1.26525 -0.697604 0.986603 0.392115 0.1319 1.25896 0.112847 2.15366 -1.42821 -1.02486 0.856265 0.0666443 1.45816 -0.96196 
1.06323 0.473467 1.35436 0.805425 -1.24431 -0.293983 -0.704502 -0.29241 0.818085 0.265361 0.2315 -1.3498 0.32054 0.411854 -0.213258 -0.699292 
-0.0354546 -1.32448 0.956351 0.0671161 -1.98136 0.759491 0.841708 0.870643 -0.154173 2.88677 -1.2325 -1.36574 0.686606 -1.83968 -0.973701 0.670006 
0.0524666 -0.438605 0.777314 0.812347 -0.994468 -0.786581 0.324002 0.718769 0.387136 -1.22728 0.184882 0.454153 0.0417203 0.271572 -0.0706345 1.4615 
-0.217517 1.65544 -0.358393 -0.415905 2.51947 -0.631596 0.260854 0.34285 0.29705 -0.767279 1.70573 1.09717 -0.80305 -2.60098 0.671532 -0.616513 
0.484706 0.252402 0.347873 -2.48591 -0.59992 -0.809877 -1.02316 -0.736701 0.736296 -1.24637 -1.46812 -0.928362 -1.78576 -0.709848 0.153423 0.480047 
-0.782082 -0.865421 0.398899 1.30213 -0.339657 -0.983628 -0.289467 -0.195006 0.344587 0.655331 -0.519369 0.631934 1.73482 -0.311294 1.92089 -0.0506704 
0.0938617 -0.823127 1.10935 1.37511 -1.01329 -1.56802 -2.31057 -0.228741 0.290438 -0.715058 -1.02274 0.445053 -0.387708 -0.0605981 0.630093 1.48928 
0.552865 0.395196 -0.913863 -0.380405 -0.512557 0.339141 -0.912701 -1.54745 1.23363 1.94192 -0.815766 1.44642 -0.923952 -0.0539716 0.377941 -1.57758 
-0.342821 -0.4706 0.751215 1.14428 0.949402 1.36548 -1.23326 -0.119435 -0.548012 0.0629675 -0.881702 1.05907 -0.448366 -0.279308 0.625646 -0.967879 
-1.43015 0.505092 0.29339 -0.0743804 -0.584265 1.16043 -0.0317413 1.30293 -1.31516 1.83521 0.568776 0.450042 -1.19782 0.540909 0.679891 0.653661 
